9.747649169067338359e-01
9.702301435303515298e-01
4.178663080644016703e-01
3.992044235288706999e-01
1.335808522364400341e-01
1.291264584665273996e-01
8.089950625265340811e-02
6.810375959415421177e-02
4.965921564572944175e-02
4.372048128675653372e-02
4.225823403242684462e-02
3.553980930024622925e-02
3.072086398332368740e-02
2.957632625509186083e-02
2.747781891063458617e-02
2.276321951530269755e-02
2.020030509382691672e-02
1.798054573838408707e-02
1.298295728345984917e-02
1.267188867318792302e-02
9.735436311396165887e-03
8.042599933851281996e-03
7.092751586810152990e-03
6.918174137135733349e-03
5.895740017117218242e-03
4.787049755585493296e-03
3.962221825560557562e-03
3.838870219277924246e-03
3.529169019517159559e-03
3.373062958847171389e-03
3.163636957280238204e-03
2.772289808109919523e-03
2.664616270125858607e-03
2.364238919850670303e-03
2.271396732890248234e-03
2.008563286995946641e-03
1.967597777679711609e-03
1.711710188595835748e-03
1.639088549594010843e-03
1.611321596318268179e-03
1.558772715637362673e-03
1.459171363471872601e-03
1.367957212965367503e-03
1.355165567199045950e-03
1.283384615197866434e-03
1.180920354875548885e-03
1.153025854967575049e-03
1.071622023180201621e-03
9.857315373732185131e-04
9.587546396785444304e-04
8.653916365258250724e-04
8.411432013179303505e-04
7.907320355464923355e-04
7.346710221209692276e-04
7.083836234780461387e-04
6.950640855289855983e-04
6.912281481378840155e-04
6.314782084227695902e-04
6.156334221314911995e-04
5.743635299038463236e-04
5.606650242786078917e-04
5.441589181408945739e-04
5.249481849382807430e-04
4.998445830411295298e-04
4.964715206186010293e-04
4.847893524463199144e-04
4.487384426416226950e-04
4.377663915973193732e-04
4.227774650910504106e-04
4.160768428340003784e-04
4.095395384073613888e-04
3.808241246836053303e-04
3.701510139877937661e-04
3.548213585577642730e-04
3.501928443281226468e-04
3.398486256672940864e-04
3.309862422651199849e-04
3.168653753224287854e-04
3.018604819580523926e-04
2.981376880956749706e-04
2.949158107215065611e-04
2.772824664027955140e-04
2.738787136888341822e-04
2.466041529590205978e-04
2.446330391202825483e-04
2.401436856707661583e-04
2.282610485169615008e-04
2.245843203527917147e-04
2.188526320956200790e-04
2.109900848276442960e-04
2.065439641664414876e-04
2.055669978634221443e-04
1.910199385620646646e-04
1.860611935702948905e-04
1.773015937192534643e-04
1.764361062618106869e-04
1.629073914543944027e-04
1.572605903590768321e-04
1.509474927979861914e-04
1.456040178320699649e-04
1.443438877572939569e-04
1.418147607715020098e-04
1.376425648939399418e-04
1.332677274020138767e-04
1.270734046866087760e-04
1.255098953014572053e-04
1.231843756382680003e-04
1.181554924339487842e-04
1.168406366075422478e-04
1.154963133036352531e-04
1.099771767516245205e-04
1.090525460442642739e-04
1.031048452438168946e-04
1.005421410812049060e-04
9.964155118509735050e-05
9.774701198713210985e-05
9.348230743446843708e-05
9.150650323874821358e-05
8.760420635717465802e-05
8.703933015119180391e-05
8.321267457060269382e-05
8.271714680342470997e-05
8.022679503234124464e-05
7.862315106905919484e-05
7.778640133226968055e-05
7.439493176380344885e-05
7.197360432209545474e-05
7.090660357655966515e-05
6.918276422537447364e-05
6.841003419026255006e-05
6.736938130412274174e-05
6.554245150852440612e-05
6.397447472903392343e-05
6.174622882169237615e-05
6.132494236387905342e-05
6.055586549083522853e-05
5.855159294857343591e-05
5.810327692278781749e-05
5.787222730637446501e-05
5.629180876187638542e-05
5.458621973339462206e-05
5.366989866498248738e-05
5.227157555452250699e-05
5.167731277044992721e-05
5.093654917806878543e-05
5.015063875612123088e-05
4.844851786059977425e-05
4.784254714637464892e-05
4.706301061618411302e-05
4.575966227976917966e-05
4.366119402633381887e-05
4.314588031325417825e-05
4.256380843645663918e-05
4.196242415636407329e-05
4.052826777326006989e-05
4.011347234755787740e-05
3.928941244854907187e-05
3.844760814488632346e-05
3.676603837826791663e-05
3.655867247725745769e-05
3.603145583606634300e-05
3.525058257853882582e-05
3.455878741513722694e-05
3.353662945616653704e-05
3.336477997490597274e-05
3.258789410731721475e-05
3.167844574528483689e-05
3.150613605912239650e-05
3.097496666923201843e-05
3.000920649958805912e-05
2.937253318834104606e-05
2.892845992000870535e-05
2.875297117858351177e-05
2.803548440144877413e-05
2.789946217719066859e-05
2.637979649617489561e-05
2.608150809790086709e-05
2.512113677680419290e-05
2.501576392921450365e-05
2.493495958768973317e-05
2.425196803322170625e-05
2.365922474619969328e-05
2.303856215549684411e-05
2.239136087037779974e-05
2.218381324880266863e-05
2.187429298436074869e-05
2.134074165828591830e-05
2.078914751995021833e-05
2.051592218590988603e-05
1.999448504965415426e-05
1.947879689001586758e-05
1.943599509291351520e-05
1.904683413964797912e-05
1.863195666117347478e-05
1.840959805055548867e-05
1.765277956141625366e-05
1.725950026326207484e-05
1.720688959077549857e-05
1.686233750505460683e-05
1.631158999707929568e-05
1.607535868756869879e-05
1.561584634964131570e-05
1.559629125072828856e-05
1.515395293985487113e-05
1.481789519382417647e-05
1.437332019461365618e-05
1.398355900654700455e-05
1.387960307529685656e-05
1.358697934376555327e-05
1.356506168274317873e-05
1.324792440459689294e-05
1.315440627020718159e-05
1.296510601419562879e-05
1.278723491016695607e-05
1.255417215026826041e-05
1.240811682702946912e-05
1.204179182061920652e-05
1.171269329866208557e-05
1.149518232916112539e-05
1.144457677263025741e-05
1.126569213481142033e-05
1.098935276514775034e-05
1.086183592162707214e-05
1.064739387603128445e-05
1.046191086055041700e-05
1.025271749067790315e-05
9.864342432502918527e-06
9.839893960278063678e-06
9.660040870465944429e-06
9.487980379483957060e-06
9.215747079698997758e-06
9.059892729351880838e-06
8.834591245061509398e-06
8.800311313002830895e-06
8.679169481307007507e-06
8.597698392249706118e-06
8.480930696850745438e-06
8.381486448017434583e-06
8.070323430779136607e-06
7.940523848448963610e-06
7.820334495263938631e-06
7.743511128990630636e-06
7.499588317750314516e-06
7.382251569234417638e-06
7.367925737715292095e-06
7.146022271299671641e-06
7.067733115210750330e-06
6.899366807061852824e-06
6.804455602055198086e-06
6.601209131588283638e-06
6.547995845797082454e-06
6.500977401755395595e-06
6.379617218444097118e-06
6.328357702184653532e-06
6.246765210095634957e-06
6.093583782081105333e-06
6.055460998835656509e-06
5.955142336282732190e-06
5.878781418063770231e-06
5.767550288135677458e-06
5.730409201996707096e-06
5.592954061995267709e-06
5.397809403474499946e-06
5.371642146503193209e-06
5.308146000329522972e-06
5.240450575453447249e-06
5.120652997152322375e-06
5.117302161937687298e-06
5.051756344417572519e-06
4.994795901538758137e-06
4.928972628976191887e-06
4.749748625203686138e-06
4.718844625471057915e-06
4.656677948259035248e-06
4.588870980518125386e-06
4.500289786636978872e-06
4.469776246630852756e-06
4.404638995032227315e-06
4.332714652021917227e-06
4.271544564826887087e-06
4.193885633754255380e-06
4.131560128853816583e-06
4.117854500896457011e-06
4.061576174337723440e-06
4.044652094392509638e-06
3.966887875635507051e-06
3.935830521338212358e-06
3.890461493350151807e-06
3.800226109240527502e-06
3.750501005882523700e-06
3.695686324918658881e-06
3.645376697315068654e-06
3.595924907076223636e-06
3.565348482938450976e-06
3.509423034867033654e-06
3.371486065937134372e-06
3.358746570361505484e-06
3.296572006533272259e-06
3.227011390180728669e-06
3.195398818167228960e-06
3.163457797313760044e-06
3.141792858821353306e-06
3.110056903718397157e-06
3.078208229733041491e-06
3.046294850059827751e-06
2.994414122284101899e-06
2.919917355438583228e-06
2.866969437885344061e-06
2.834177251597867689e-06
2.788237726266416950e-06
2.779727772066126368e-06
2.747059438861922472e-06
2.691533403467378087e-06
2.688491261349491435e-06
2.654207217115425350e-06
2.634933716157490402e-06
2.586318286571114258e-06
2.535694534948186045e-06
2.506510510046797578e-06
2.481160446484534551e-06
2.439733389924397133e-06
2.391297098318859346e-06
2.348012397807602061e-06
2.333945744582798615e-06
2.316574698107375712e-06
2.285492415349046275e-06
2.259265313677442100e-06
2.223639663566612704e-06
2.217294912583281818e-06
2.161442268723552251e-06
2.138213997496097430e-06
2.117624831835251388e-06
2.088325440848118356e-06
2.072445898188160430e-06
2.052180224524256076e-06
2.017030310371470921e-06
1.982881232386193026e-06
1.954213852079858396e-06
1.926851505821397792e-06
1.886184328268974832e-06
1.839402140142479677e-06
1.836645101876456902e-06
1.809613117000560147e-06
1.791986305304970968e-06
1.764774577337897562e-06
1.737912865871509757e-06
1.712932629397800587e-06
1.701900182225910025e-06
1.680684711337312424e-06
1.661365501242634062e-06
1.653330961100945880e-06
1.621647341405141108e-06
1.582986669262675454e-06
1.571598520524121802e-06
1.563331252506003717e-06
1.530900658090389091e-06
1.517202265651912255e-06
1.500132873042485445e-06
1.486268216831188740e-06
1.455661087302935271e-06
1.431843799655041236e-06
1.419020304530901036e-06
1.413993648873689044e-06
1.397749249229336084e-06
1.374234249607739098e-06
1.355041510593234309e-06
1.335838924364613952e-06
1.331052818828270323e-06
1.317367567412303516e-06
1.294179983686943035e-06
1.292462243502696959e-06
1.278534453899902052e-06
1.237525295741152105e-06
1.217093493777042793e-06
1.192609803996233258e-06
1.188974198807601201e-06
1.179980818804860459e-06
1.165795265120758946e-06
1.149871677564402889e-06
1.109979686551346202e-06
1.108119664776815184e-06
1.092524308057638688e-06
1.085161722981657039e-06
1.060466235388593802e-06
1.037983809148267910e-06
1.029837418270102574e-06
1.027085180273118686e-06
1.019104886883692165e-06
1.017578101724026906e-06
1.001509491445407490e-06
9.931276005554793652e-07
9.774072778670563669e-07
9.720924964093033331e-07
9.386694209854515122e-07
9.260032675783499665e-07
9.131496053455151591e-07
9.045353655834198233e-07
8.875252080119996394e-07
8.787412014369272368e-07
8.725265142184192500e-07
8.604603097020958421e-07
8.513280421544397076e-07
8.420732240348119071e-07
8.345475205426780435e-07
8.245650344728987225e-07
8.161857641890779151e-07
8.051791431772913833e-07
7.919317675150740935e-07
7.827121172556229518e-07
7.691387137174360664e-07
7.658989314286425939e-07
7.581799204125749301e-07
7.489785338916746536e-07
7.368564323655889718e-07
7.313841767548881335e-07
7.267410470706194604e-07
7.165923686795907333e-07
7.054778656130044400e-07
6.988376075724311435e-07
6.926293182198481326e-07
6.784607022499540301e-07
6.772020693135894280e-07
6.672941842632083137e-07
6.583726260713257148e-07
6.493685166187406413e-07
6.453197043559039702e-07
6.391860856057031831e-07
6.336871846695623470e-07
6.217588907076645553e-07
6.150137560766218251e-07
6.083627464230724542e-07
6.007663269161777943e-07
5.947108638841326893e-07
5.838768598089870323e-07
5.812194912328146478e-07
5.739854681035750213e-07
5.708748032747273890e-07
5.648123117696704159e-07
5.536898894329742826e-07
5.452604570357192903e-07
5.412255247825758037e-07
5.343382255352396684e-07
5.307748849906796924e-07
5.195271852573053160e-07
5.156962253243791649e-07
5.090699478787988646e-07
5.072204416502069715e-07
5.046987511804281112e-07
4.930844554867695386e-07
4.883320441988611368e-07
4.848118265767270698e-07
4.793281976694678579e-07
4.772844624204443207e-07
4.720310453545432205e-07
4.627800107520441864e-07
4.587778870443529686e-07
4.530571674627664471e-07
4.484034102824436658e-07
4.427936627246212338e-07
4.362438458808836318e-07
4.334943524803135898e-07
4.285262211112146744e-07
4.241991366523734363e-07
4.204674562390767323e-07
4.128183641231839036e-07
4.082524745888694222e-07
4.065908537493346456e-07
4.011583492238839568e-07
3.982299570861266171e-07
3.962404987367517058e-07
3.838716738797615488e-07
3.816428019368735673e-07
3.765472605857162754e-07
3.725208603003492004e-07
3.689167400508496945e-07
3.654984797112481383e-07
3.600139839228764376e-07
3.573174810332612307e-07
3.559090817777204697e-07
3.499922807778572337e-07
3.456450589665288029e-07
3.405183636207696671e-07
3.388433438519870699e-07
3.334532776611707183e-07
3.287596269660254661e-07
3.268787208319609374e-07
3.254868887885469358e-07
3.217331816886965569e-07
3.184834667936790335e-07
3.172725026930260040e-07
3.131377896488565497e-07
3.088021387863434459e-07
3.062688429778160357e-07
3.003962631803651442e-07
2.983843720726191850e-07
2.934088110692625257e-07
2.906295755468586546e-07
2.872517838993877267e-07
2.830000551845201659e-07
2.781805752295999682e-07
2.768003713300079136e-07
2.761396713253792967e-07
2.714775110800954524e-07
2.653778971099326005e-07
2.644603597827418287e-07
2.599086235343911116e-07
2.592800899248718157e-07
2.564160066440988680e-07
2.551561457288495720e-07
2.536189605741777507e-07
2.531270127084870019e-07
2.447843940279490200e-07
2.431516981326312996e-07
2.415548096850803702e-07
2.384289972968444561e-07
2.370332961027577928e-07
2.312384513802021904e-07
2.273621383570105889e-07
2.257084559327507571e-07
2.230931271647275352e-07
2.227832775631431476e-07
2.197811312710895065e-07
2.176573991945509407e-07
2.141289598926629907e-07
2.125721893766596995e-07
2.114682150449624515e-07
2.089810361716324682e-07
2.065383856641097897e-07
2.041019211452815176e-07
2.027256049554472132e-07
2.003699034684216928e-07
1.989115287929934990e-07
1.973423832105580250e-07
1.951281177125381967e-07
1.911572180488195040e-07
1.898307120803762155e-07
1.882713553990371383e-07
1.863731364487677841e-07
1.846156241455624560e-07
1.839818802900696364e-07
1.814491816497089399e-07
1.792756123362066919e-07
1.771381124056479070e-07
1.751748043781019641e-07
1.728877032275082195e-07
1.717756825424454054e-07
1.710306706850734834e-07
1.646081637143704052e-07
1.640150023746563679e-07
1.622113227421216955e-07
1.610088331258381121e-07
1.609855056143178058e-07
1.588129738155153430e-07
1.572423017094399420e-07
1.559598099714312204e-07
1.535246355677334078e-07
1.524470523867134134e-07
1.514588439457973523e-07
1.493892280857681691e-07
1.477040906670205450e-07
1.464287513449232946e-07
1.454570458096060367e-07
1.437708628676171182e-07
1.426937563221211858e-07
1.403940039714365611e-07
1.389382782877874368e-07
1.379770250343957878e-07
1.366318017198318869e-07
1.343402604377582349e-07
1.332322922197421959e-07
1.322784761667668323e-07
1.307583002271963271e-07
1.302914672533005559e-07
1.292516016838079051e-07
1.281963576326960145e-07
1.263586083640355776e-07
1.246504545333641534e-07
1.238060848207124347e-07
1.227279093938462326e-07
1.219474947627964921e-07
1.208234224435513620e-07
1.188609153703995048e-07
1.178016063297149979e-07
1.160654236902936428e-07
1.149760310130149424e-07
1.140727607174582622e-07
1.130327125681196930e-07
1.115897291700190257e-07
1.106126088342080280e-07
1.099457183836808781e-07
1.094559988633922143e-07
1.079496944140839798e-07
1.074584047756542400e-07
1.055727656456492722e-07
1.046300590243263827e-07
1.026815970703040653e-07
1.011655447815372307e-07
1.010089818938256532e-07
1.005161655116750419e-07
9.956539299208267855e-08
9.927101054076564537e-08
9.760508257950013114e-08
9.700493806757638202e-08
9.663551073994692787e-08
9.557601256668298708e-08
9.422093127837284677e-08
9.304890053760406539e-08
9.238063119350524260e-08
9.192382321581282764e-08
9.125325497383146154e-08
9.117475527157061356e-08
8.942678971122317807e-08
8.876579137219086799e-08
8.703280345390437214e-08
8.547020871896800820e-08
8.529025564298058272e-08
8.383811611622191674e-08
8.315730152586729095e-08
8.279260017565720009e-08
8.189806417185099792e-08
8.072615512164364313e-08
7.942733206014332336e-08
7.899999052666016145e-08
7.821678739736320621e-08
7.765227147255048614e-08
7.726368873866789568e-08
7.671183275992045757e-08
7.576851130652572027e-08
7.503229707860877208e-08
7.414473110198612535e-08
7.287797308331972646e-08
7.242038323390281039e-08
7.188581451535533228e-08
7.145046656438177594e-08
7.044129218501813693e-08
6.958586775454674902e-08
6.856791205649058009e-08
6.827817039975590800e-08
6.784787085899078075e-08
6.748277259293905375e-08
6.679130326224903002e-08
6.600501172884714287e-08
6.591037371996682403e-08
6.497347200281592176e-08
6.392983277156398266e-08
6.313630568357653758e-08
6.297503767683795044e-08
6.227401368145662738e-08
6.186745198026076325e-08
6.113491791329288159e-08
6.060156896987852956e-08
5.992687117397940248e-08
5.930802094725699297e-08
5.869204791106047097e-08
5.805929125028633187e-08
5.737208141631204333e-08
5.654598496447627274e-08
5.635898951285798355e-08
5.605567981819133253e-08
5.539171462446736954e-08
5.449094488330714981e-08
5.433784214321759715e-08
5.401131208481362067e-08
5.323365860115083897e-08
5.261034775321970138e-08
5.219389955213813710e-08
5.154928896107973939e-08
5.111384666520616896e-08
5.059893137713886857e-08
5.042262827075219046e-08
4.986849275506918879e-08
4.957876745834053121e-08
4.911996282945558447e-08
4.902261065494277219e-08
4.753493914109981266e-08
4.713325230976885938e-08
4.692777097750445750e-08
4.638256081302747073e-08
4.587949213107464422e-08
4.574105532897111275e-08
4.528884994200063779e-08
4.507653357737043365e-08
4.488689139665939998e-08
4.412175779058430418e-08
4.353668803133738131e-08
4.224577367665800427e-08
4.204933238225364888e-08
4.196474200828982151e-08
4.156369388485848620e-08
4.132751129119765606e-08
4.068578278604907098e-08
4.027193168321696657e-08
4.016395325771988211e-08
3.966127420714008902e-08
3.909059224525101614e-08
3.866726872086415133e-08
3.847123517800761311e-08
3.795800428864390326e-08
3.770108179815896480e-08
3.756999944676986525e-08
3.725325942728976318e-08
3.672792796378708489e-08
3.637688091892055761e-08
3.618845575542254450e-08
3.579799505207470124e-08
3.561909800831499917e-08
3.501559051507582079e-08
3.457310092687646330e-08
3.430547755570695495e-08
3.420398163979542817e-08
3.369888352159052286e-08
3.328600100590915469e-08
3.314796449426028343e-08
3.290340102020050395e-08
3.256827573144075233e-08
3.229173829037308992e-08
3.161939312395103913e-08
3.156960603408266450e-08
3.136042201901774893e-08
3.067515047583988574e-08
3.008214708359969832e-08
3.004971918138664710e-08
2.980007164089665833e-08
2.975727727096195406e-08
2.958198896700481714e-08
2.929027953987026863e-08
2.861301606523448859e-08
2.840003835752079662e-08
2.816081709675385486e-08
2.798103979927970800e-08
2.779903394824852749e-08
2.753596649986834274e-08
2.736597211080810174e-08
2.673830556782734517e-08
2.646442090796001340e-08
2.624425148804642526e-08
2.617323904978603793e-08
2.596896601055743012e-08
2.564974885489897543e-08
2.558595814736346835e-08
2.529777462389194424e-08
2.506280913699941279e-08
2.500685942992259199e-08
2.470016766581742790e-08
2.437529614814190667e-08
2.419649814279437630e-08
2.403349653023539889e-08
2.385088302428494949e-08
2.341240873768500310e-08
2.335363910216443485e-08
2.317755157200654725e-08
2.291304410152769399e-08
2.252132007578554299e-08
2.235358567601650179e-08
2.223479573080332553e-08
2.209930134904768433e-08
2.184028715557767927e-08
2.163228955297493545e-08
2.134130092824768252e-08
2.120597337526408979e-08
2.112492423369798280e-08
2.078417237423687556e-08
2.059725692608638130e-08
2.051535851363637898e-08
2.044338312475822828e-08
2.017582609791331842e-08
2.010419739756699310e-08
1.983583484289152832e-08
1.963546940876291405e-08
1.955299303615674373e-08
1.919881815668195456e-08
1.903602207196613564e-08
1.881621939182301359e-08
1.879753680885534753e-08
1.869849424583981353e-08
1.836420704196669869e-08
1.821128416813158777e-08
1.801658215157456157e-08
1.782975886894909143e-08
1.769526137035010591e-08
1.755315769812306835e-08
1.736725129286992974e-08
1.732334566061106712e-08
1.708507124722963400e-08
1.694930856165454472e-08
1.686578907528203762e-08
1.664404827576096490e-08
1.654890395970564081e-08
1.631958567106575670e-08
1.626349676981236216e-08
1.623812046828491916e-08
1.603917073485838235e-08
1.576965426889591016e-08
1.563725681104201957e-08
1.552912504573044832e-08
1.537208909217698954e-08
1.532344557179944165e-08
1.522488389360432890e-08
1.501812330399285092e-08
1.480849897801938375e-08
1.466172749003766834e-08
1.448128711837408483e-08
1.445859058700894401e-08
1.443857043558943079e-08
1.426708346981322620e-08
1.409050570336648928e-08
1.407341418861098462e-08
1.394151568331829938e-08
1.379125436043158634e-08
1.370792556548913860e-08
1.353152835305229584e-08
1.339798893308245005e-08
1.336491964369689293e-08
1.321303159217249979e-08
1.298605687706369565e-08
1.290865193535913217e-08
1.275863958809862417e-08
1.268159349312320598e-08
1.266860435922071093e-08
1.249603382111428215e-08
1.248642094334380280e-08
1.231731101019972285e-08
1.219348723133148752e-08
1.203010796065839725e-08
1.187777048418266905e-08
1.184627822312073376e-08
1.169667072252524779e-08
1.166085544181726343e-08
1.154960524853053176e-08
1.151163116634372058e-08
1.139699006280995427e-08
1.129577999738256898e-08
1.122263113995890718e-08
1.108899777295805645e-08
1.100629957692017261e-08
1.092729811556655634e-08
1.088873995755011561e-08
1.081136849100298809e-08
1.059138526516757900e-08
1.049968194840189706e-08
1.042452012881353624e-08
1.036654501284498829e-08
1.029427729776898647e-08
1.021444163108290780e-08
1.014571671801069748e-08
1.008783133293092366e-08
1.006265700634068717e-08
9.886734111030204387e-09
9.811794938998324573e-09
9.640831806105154830e-09
9.593605661642294753e-09
9.527480499999092602e-09
9.439334607791839675e-09
9.373393363056051145e-09
9.301777841244965554e-09
9.241858443051154797e-09
9.215969484471281924e-09
9.025211817444484167e-09
8.995480335519148463e-09
8.903097175734148772e-09
8.826628680302924773e-09
8.791362076138157475e-09
8.731896008787602842e-09
8.664107069832211948e-09
8.522951350341390505e-09
8.468895964006657933e-09
8.353794349326904626e-09
8.298391842682714902e-09
8.215170323382876352e-09
8.075830608473169600e-09
7.973879714430346608e-09
7.970093384187583540e-09
7.905988966934604385e-09
7.838243225723368420e-09
7.807368657287612653e-09
7.754792913813920316e-09
7.647279506813945305e-09
7.615592390430963849e-09
7.554777969728264238e-09
7.483098044862272583e-09
7.432667802799684868e-09
7.304122716493849721e-09
7.269113392802246731e-09
7.238565587538480231e-09
7.212712075420207176e-09
7.133481951532191468e-09
7.046684203903230810e-09
6.973351293236481741e-09
6.920848135727997734e-09
6.879795035692446614e-09
6.802891236888291302e-09
6.790996379978240418e-09
6.650713363939589691e-09
6.593832960970327236e-09
6.517781605970160251e-09
6.449245687896449373e-09
6.444964604381099519e-09
6.377459511703428450e-09
6.315857648620695581e-09
6.273827019073831094e-09
6.235599946392202375e-09
6.161048104802785330e-09
6.091114667764044353e-09
6.059509630458393408e-09
5.996718664609172150e-09
5.964322004220461346e-09
5.936831927569534266e-09
5.901439486737652444e-09
5.841537228661595649e-09
5.744363712831176180e-09
5.734920169929200386e-09
5.685722326778276194e-09
5.610689248683597432e-09
5.571718793108454636e-09
5.471438203788498500e-09
5.447828032178269619e-09
5.401560851895103840e-09
5.341316307202644140e-09
5.319981590008126136e-09
5.264722278012081311e-09
5.254362839476903673e-09
5.225252827636976928e-09
5.158187900776685478e-09
5.083986878172264713e-09
5.066134694409812099e-09
4.989957045393503023e-09
4.946705330769872974e-09
4.929169067589946049e-09
4.850807912932915808e-09
4.818274179690778957e-09
4.797352313696625009e-09
4.776915030158569769e-09
4.725704705212866346e-09
4.700878593256463381e-09
4.675186354026610519e-09
4.643284324338098190e-09
4.576011853770749528e-09
4.556053212093282106e-09
4.535299490989533260e-09
4.516474290495623979e-09
4.431920937049540417e-09
4.397053489957521242e-09
4.338709671332433885e-09
4.313642692656263264e-09
4.262663692791499999e-09
4.231658653061239760e-09
4.220163020309570943e-09
4.194584031251466124e-09
4.167003035468440403e-09
4.122002649636923598e-09
4.073388132409429345e-09
4.055261970408891302e-09
4.027646321251345584e-09
3.992488899343991794e-09
3.957999427373684107e-09
3.947096043507627010e-09
3.883287013256304279e-09
3.861296652642014113e-09
3.809531010964786996e-09
3.801912170764246752e-09
3.764654128767769944e-09
3.707136104384199603e-09
3.657596461584125953e-09
3.614751609589703619e-09
3.608090975890366455e-09
3.574338073648328243e-09
3.551309255573253021e-09
3.520282368232612173e-09
3.484242396354518979e-09
3.441479251997710413e-09
3.432816202818564760e-09
3.373188951773995207e-09
3.363956982786507016e-09
3.315556052282099966e-09
3.284293021472234510e-09
3.266727747723051004e-09
3.223609842491226373e-09
3.207517654506521108e-09
3.195145808637721442e-09
3.168621629027888024e-09
3.145965332190996844e-09
3.115635672985977411e-09
3.077666509185556879e-09
3.026571783099080443e-09
3.016851504088251713e-09
2.993790276768242016e-09
2.978958756360625001e-09
2.959566518321350016e-09
2.935056029057526842e-09
2.912824268437620095e-09
2.890452307090266706e-09
2.888999854278958785e-09
2.831044963274847694e-09
2.818362176262926585e-09
2.807448841934393359e-09
2.762068677728519096e-09
2.732081175840412092e-09
2.710010953521083831e-09
2.676417095642694243e-09
2.656045080249097736e-09
2.642854694349926362e-09
2.629832736044470298e-09
2.624776907131346937e-09
2.594306731608494081e-09
2.585162461415492963e-09
2.532145730926826089e-09
2.511798793123765835e-09
2.498863363958149258e-09
2.489468990769512409e-09
2.460916277967210045e-09
2.450446533097266136e-09
2.400302411127261325e-09
2.386519423979261573e-09
2.361464813913775242e-09
2.345904512945772933e-09
2.327460539892454186e-09
2.313069173040727905e-09
2.302545330530481014e-09
2.269129691519038680e-09
2.240840501576751048e-09
2.233508253969322468e-09
2.213078403533168686e-09
2.187538547277335457e-09
2.180845177037219790e-09
2.170239996134640154e-09
2.149051539402476957e-09
2.130669511918909026e-09
2.129005423338859267e-09
2.119820037467200260e-09
2.082751780321005364e-09
2.075889484986294894e-09
2.056122283620947927e-09
2.035043717072250121e-09
2.007667295458464856e-09
1.988000289176903188e-09
1.958762477679936071e-09
1.948181518240161187e-09
1.936741062615959763e-09
1.924516909478792644e-09
1.908610318375715338e-09
1.905159193824742920e-09
1.885977519902914071e-09
1.867789799756378929e-09
1.863133311247069503e-09
1.818106641261582333e-09
1.805747444024043082e-09
1.803989113517959914e-09
1.794481360734059153e-09
1.778272353456005915e-09
1.763928446104708733e-09
1.752776206685728090e-09
1.716874671261912835e-09
1.710866624521647311e-09
1.697107330203246798e-09
1.683819448247869866e-09
1.672685229362796294e-09
1.671421515317977358e-09
1.655787763714275122e-09
1.636730464765452830e-09
1.621439645192225925e-09
1.616306945385613314e-09
1.601501680233172226e-09
1.585360312853931858e-09
1.576928312512974465e-09
1.568401410788833302e-09
1.546477131677239649e-09
1.532046146319689315e-09
1.514430162300413065e-09
1.506911162177307825e-09
1.491535501851206443e-09
1.484520379410900574e-09
1.482562892533309435e-09
1.466115176146526935e-09
1.453649691566416318e-09
1.441320436931409362e-09
1.428795462104481594e-09
1.423573321954590130e-09
1.408349929406983569e-09
1.393972395148426305e-09
1.382088626137812893e-09
1.366651381570672650e-09
1.356603909250233665e-09
1.350020517401836343e-09
1.332755916533804363e-09
1.319478861288412971e-09
1.308920766421950212e-09
1.302783315660923001e-09
1.292806987102007504e-09
1.280999894185022028e-09
1.267477090746616854e-09
1.260909068225509335e-09
1.249912787836540229e-09
1.241432389016221090e-09
1.233459253983384572e-09
1.224443290993320601e-09
1.219735662815714813e-09
1.207289309701391627e-09
1.195056801295717239e-09
1.186147619160926836e-09
1.171718231854744009e-09
1.158068172038240681e-09
1.147218196002676718e-09
1.138667770009592349e-09
1.124818089930773483e-09
1.115954345114526131e-09
1.106037738223853905e-09
1.094646786761488340e-09
1.084114344203015318e-09
1.076027453307399240e-09
1.064922605730410410e-09
1.047851401032411864e-09
1.044845382031366844e-09
1.041432842665603820e-09
1.019312983675799881e-09
1.010398642678266156e-09
1.006334137129832595e-09
1.000273355922156306e-09
9.939449742764619297e-10
9.842814945851409823e-10
9.773874412651215067e-10
9.717615810721991300e-10
9.584344593801238595e-10
9.554615642918911779e-10
9.464246720537060801e-10
9.426214317681549717e-10
9.410587467244173723e-10
9.376882230222807917e-10
9.272698467200176278e-10
9.162793414205140817e-10
9.111874870757174116e-10
8.989495945304075374e-10
8.875107240574734893e-10
8.802937460113036773e-10
8.787483026137467712e-10
8.667149177377782726e-10
8.600971807531186946e-10
8.555170459639758418e-10
8.436830116752482534e-10
8.353975833400277249e-10
8.238109228913328365e-10
8.153261848483732234e-10
8.097230447613589004e-10
8.070184157303570974e-10
8.020198478381676476e-10
7.955637814925843184e-10
7.838111759060576270e-10
7.788765184799655753e-10
7.704192539984802200e-10
7.679599807280897694e-10
7.632531959996054713e-10
7.604415809601259279e-10
7.516206003356073585e-10
7.496771272134411797e-10
7.435713321491550019e-10
7.354051493238286029e-10
7.292987745116713163e-10
7.241741472897464162e-10
7.138769994591884831e-10
7.099543377318954847e-10
7.077767321293235993e-10
6.955320806103176760e-10
6.921599327113009874e-10
6.832511056720725160e-10
6.742717919849632932e-10
6.690443241937242381e-10
6.668170436542875182e-10
6.574661869670341205e-10
6.524512516733256242e-10
6.520616488324906368e-10
6.497593590661967171e-10
6.373899796139121278e-10
6.333017207604011690e-10
6.260326690598067269e-10
6.215279487558470408e-10
6.160155693945411418e-10
6.081544229017453047e-10
6.068521117960445655e-10
6.035283147522631535e-10
5.979826436964536541e-10
5.970627040631908226e-10
5.924574248915330941e-10
5.874497574411744079e-10
5.839750021360849945e-10
5.749272158311926456e-10
5.644507529443057371e-10
5.609969025828320379e-10
5.590031522508831486e-10
5.549345254800814214e-10
5.507141775082612613e-10
5.434815450939943168e-10
5.404978895939623225e-10
5.363110387356170684e-10
5.329887657592717893e-10
5.256232815524653140e-10
5.208810975806784849e-10
5.185660411318661167e-10
5.123144654658397886e-10
5.097047841240523577e-10
5.074117557374021196e-10
5.040021763122982472e-10
4.988506439780760158e-10
4.950741561071047652e-10
4.895021273513977589e-10
4.869629723187279163e-10
4.844467568355013060e-10
4.820160135378597166e-10
4.808116941849490810e-10
4.683668328188154778e-10
4.651227730773126526e-10
4.634682672271848108e-10
4.619161302705095879e-10
4.583004804181427231e-10
4.562597254398832754e-10
4.463593604161013060e-10
4.431618869782976321e-10
4.377684308435362117e-10
4.361919890712699844e-10
4.325438107539916224e-10
4.287998781727540884e-10
4.265786322687694122e-10
4.171877008414948434e-10
4.125933821317495743e-10
4.117021746905116720e-10
4.093402507696138381e-10
4.050573612145874174e-10
3.991750496934408522e-10
3.952807752345588426e-10
3.932219162091387703e-10
3.885804208869035447e-10
3.865360206911286276e-10
3.830899054974735117e-10
3.795782863752327541e-10
3.775233058255964522e-10
3.761419344274262958e-10
3.725791199022823401e-10
3.670712851308492105e-10
3.643013958872426450e-10
3.587064995237832457e-10
3.555316720214688990e-10
3.524823441040490490e-10
3.507058249891644350e-10
3.461675377593553939e-10
3.456606245100205115e-10
3.432502218793708193e-10
3.407639595887632095e-10
3.360146745878384436e-10
3.336470672644102726e-10
3.328890197527280076e-10
3.295159825570413999e-10
3.237835258696122166e-10
3.217025926804045294e-10
3.189985543307186632e-10
3.167054239593068813e-10
3.159219666791787597e-10
3.147719061347680305e-10
3.126319521938138197e-10
3.071048261739807806e-10
3.064930108190926591e-10
3.040589386341648172e-10
2.988817229992554330e-10
2.978506218932792460e-10
2.969565151564088025e-10
2.951193949756171494e-10
2.903407365143467088e-10
2.885939255710232943e-10
2.871195140979741185e-10
2.845789608797104929e-10
2.822637714591869852e-10
2.790905780231134685e-10
2.780162718839532873e-10
2.752818449185666055e-10
2.728410063353240638e-10
2.721447673780496339e-10
2.667998805959494915e-10
2.656675338061106837e-10
2.610658685482071549e-10
2.589636251530183535e-10
2.580485761996220064e-10
2.566295296059443363e-10
2.549421936274761226e-10
2.520662645820217566e-10
2.496258241187654176e-10
2.473658301296529915e-10
2.433075127175211974e-10
2.405282176540112757e-10
2.397184556284387028e-10
2.385235451143879555e-10
2.346253076543939631e-10
2.337833998219188620e-10
2.324162399690666872e-10
2.301901103008947100e-10
2.292174383274801506e-10
2.256519029301070485e-10
2.249828218826985726e-10
2.240454170934046938e-10
2.218571813956245296e-10
2.180059969372483094e-10
2.161629439626366909e-10
2.144211576753770310e-10
2.121016661667179312e-10
2.104912020242179071e-10
2.082631351368797219e-10
2.065447317186353253e-10
2.048203124104112145e-10
2.036736449471230837e-10
2.005096229366744738e-10
1.998133166390297558e-10
1.972730025881792553e-10
1.961954929227604151e-10
1.949171036172898124e-10
1.931904449230706510e-10
1.922626857265468622e-10
1.898342062091549347e-10
1.893562167890721101e-10
1.872282501701815224e-10
1.863683362542113633e-10
1.856349251512369752e-10
1.847938160116471118e-10
1.821574865592276836e-10
1.814122899625998177e-10
1.782567405166665414e-10
1.759029059546826955e-10
1.743794100839642137e-10
1.731894441858510312e-10
1.712650634597672958e-10
1.700937442566842193e-10
1.686119641945964584e-10
1.681973931175831156e-10
1.663208507614010261e-10
1.655334933823886038e-10
1.623516574852690287e-10
1.611416639287277949e-10
1.600993726336184826e-10
1.588567220961209875e-10
1.571429180139573067e-10
1.566149930113303284e-10
1.555961996016603853e-10
1.548822283707132758e-10
1.520467203064038816e-10
1.511818302552801362e-10
1.499606320951512269e-10
1.488515407866586553e-10
1.471412371083674638e-10
1.464935610185487338e-10
1.446548296353218098e-10
1.443264720270118800e-10
1.419364562232781737e-10
1.415100139890957492e-10
1.407817070707064817e-10
1.396327077760081233e-10
1.387716642693803688e-10
1.370609039333850463e-10
1.364926116576258803e-10
1.363565024723236630e-10
1.347056197091668098e-10
1.332673439173906490e-10
1.325013460143944383e-10
1.306462198164400642e-10
1.300164639657960896e-10
1.289627215954367876e-10
1.274520355739144544e-10
1.266735340947695642e-10
1.263559287994549583e-10
1.236447376370639667e-10
1.229665398005060430e-10
1.211955849945964262e-10
1.197666749137339966e-10
1.188188148593360021e-10
1.181154240183608988e-10
1.172516570289853416e-10
1.160626721599792659e-10
1.143054773338583384e-10
1.138938100964993517e-10
1.135596563577694073e-10
1.115303878145019100e-10
1.109821923898473530e-10
1.100761404208661004e-10
1.092836106091142054e-10
1.086479735357108128e-10
1.076745525946279265e-10
1.060416303563535054e-10
1.049220032679363866e-10
1.038586919183506803e-10
1.027849031606878078e-10
1.025449881556440870e-10
1.022677742798461424e-10
1.003366751344588282e-10
9.987162543638328195e-11
9.933957484337469177e-11
9.784025433523576445e-11
9.732945362157638216e-11
9.706448754589410761e-11
9.588678235219537939e-11
9.569713374013561707e-11
9.479793538820323037e-11
9.469656831466705578e-11
9.287267504218809621e-11
9.272140083490851946e-11
9.219159054098865167e-11
9.143944608665759920e-11
9.040083991640623836e-11
8.959784398594661712e-11
8.876055523925714818e-11
8.836647898368350451e-11
8.760230456533572240e-11
8.654455745808512007e-11
8.616723001776205108e-11
8.479544088650643100e-11
8.456604987960316989e-11
8.360284409438288583e-11
8.339805776909456868e-11
8.296443276506437916e-11
8.205531361029335286e-11
8.123642703845285524e-11
8.054283323530274483e-11
8.010962849936511036e-11
7.941040526329385871e-11
7.878425879248708149e-11
7.738108064533075655e-11
7.708778145274351187e-11
7.671071830472991279e-11
7.595931134669459289e-11
7.502372770719244502e-11
7.480302030522098777e-11
7.436580586018661755e-11
7.380011652154379543e-11
7.346744669398865438e-11
7.228879158373968772e-11
7.114986124843013745e-11
7.091899672948242788e-11
7.076243786329834351e-11
6.995783135531457098e-11
6.906880605985631033e-11
6.869230023668668857e-11
6.784279195460146304e-11
6.678274527964937225e-11
6.657793809904189206e-11
6.586104335492643141e-11
6.565618658228536982e-11
6.544972300062395838e-11
6.494710652013838361e-11
6.411147814224217102e-11
6.366159375302010801e-11
6.328715039264642092e-11
6.237665396498315969e-11
6.219137419359685202e-11
6.138414428176039957e-11
6.049324795469342136e-11
6.008751306868487917e-11
5.964665638571931254e-11
5.909125230849154090e-11
5.849103831059140612e-11
5.798701918720921872e-11
5.777066705244132035e-11
5.714116894826303093e-11
5.688907887007326938e-11
5.602759366922277721e-11
5.562703342239731686e-11
5.508305346183161223e-11
5.486289988725312935e-11
5.426931697700865413e-11
5.384680287537220257e-11
5.349788083970592380e-11
5.280739586617578564e-11
5.219868056270373705e-11
5.162937762340695244e-11
5.150328661577604075e-11
5.078622475284137830e-11
5.055192053797841740e-11
5.010682084057671366e-11
4.998557936743717651e-11
4.931802960863328143e-11
4.863096616374403373e-11
4.857664493672447387e-11
4.841991811391278415e-11
4.818167277281527605e-11
4.738446633870062585e-11
4.658000400001601827e-11
4.632162988932435081e-11
4.630545761174056329e-11
4.598331005516290788e-11
4.521580958410020361e-11
4.489425169441145292e-11
4.466449322051721331e-11
4.437978356250541240e-11
4.383702551263466615e-11
4.373307708382175240e-11
4.338206481523981988e-11
4.287767872950014202e-11
4.270463636112684060e-11
4.203155152589920251e-11
4.198018887675418515e-11
4.147777986409793454e-11
4.087236560157987512e-11
4.065650681222600549e-11
4.016122276811759152e-11
4.010032231117658437e-11
3.978416029295685895e-11
3.912508945584690570e-11
3.899611942949306345e-11
3.869528999585562601e-11
3.799178462191921241e-11
3.790756982886563806e-11
3.754921033722738814e-11
3.724665360363834856e-11
3.672165758128598607e-11
3.637890914936825378e-11
3.629559439804511024e-11
3.596840051975403307e-11
3.554841428085190139e-11
3.521426824856146885e-11
3.488136742652491731e-11
3.474837735034773079e-11
3.439098310209175146e-11
3.429935377056513558e-11
3.399756514569387598e-11
3.368958500388991536e-11
3.350189435327090845e-11
3.310378109347733429e-11
3.295809101462180506e-11
3.269249092597872420e-11
3.235434473701219079e-11
3.190848895827877060e-11
3.160799462489496376e-11
3.148892034639959105e-11
3.137798894097323311e-11
3.112380027498400778e-11
3.072940806861557620e-11
3.060203804981444822e-11
3.044078020801669682e-11
3.011705477874299745e-11
2.986444467492737148e-11
2.981880547666287502e-11
2.922363001128535308e-11
2.918511181797378860e-11
2.883334814566598179e-11
2.848746893513275750e-11
2.836826982941013620e-11
2.799875365045024445e-11
2.795868348557060866e-11
2.789932209651223971e-11
2.737256027828207536e-11
2.714172957110753710e-11
2.674676897165327061e-11
2.669706766368406919e-11
2.653405701653598064e-11
2.618629653771496722e-11
2.604572762964245241e-11
2.564563618977640426e-11
2.552668187646927583e-11
2.534644048412100341e-11
2.500788408480165748e-11
2.481347353304233187e-11
2.466941239823408952e-11
2.461258744316330577e-11
2.448669233621847577e-11
2.405576665387578332e-11
2.386369984594158746e-11
2.373258192426345881e-11
2.360242741358309098e-11
2.334281089336103314e-11
2.328607295775272529e-11
2.293364480025385635e-11
2.273158001807480390e-11
2.265269857458901582e-11
2.252045229957343284e-11
2.238497966544350889e-11
2.217232375065462129e-11
2.202166786835459191e-11
2.168168025693682901e-11
2.163993893341568240e-11
2.122005806532235928e-11
2.086181469820006814e-11
2.084141551781459353e-11
2.069902848818658620e-11
2.056793130680232414e-11
2.043244437847364545e-11
2.028839818591668263e-11
1.981715742635785138e-11
1.980855936188916811e-11
1.979694431527509758e-11
1.956474951353140167e-11
1.946271373807475130e-11
1.928608547204092785e-11
1.911653606352344638e-11
1.908200820559521078e-11
1.897295839381166661e-11
1.889475987299865679e-11
1.856322699705795458e-11
1.834411239616157222e-11
1.814974505126967039e-11
1.796597457362300666e-11
1.777795438964185768e-11
1.762867240496575345e-11
1.740189984565970811e-11
1.732367335487704452e-11
1.721925308653511353e-11
1.711103780920724814e-11
1.695613169677445943e-11
1.678542311472481854e-11
1.666233201836330225e-11
1.645930079245209082e-11
1.632915192114786598e-11
1.610657889411570449e-11
1.599557242490073071e-11
1.584822207940041434e-11
1.563990877733900207e-11
1.552540226323470618e-11
1.544162914251579808e-11
1.530748978338019194e-11
1.516359872924937686e-11
1.508113842775084567e-11
1.491937225926552121e-11
1.478850817462387245e-11
1.470015980175778155e-11
1.463299852149993418e-11
1.449808287952531207e-11
1.435306325808922710e-11
1.432621057444999894e-11
1.413652612416423530e-11
1.406026689916511794e-11
1.389769958981027406e-11
1.387369209265325971e-11
1.380654403342803477e-11
1.361250892108267165e-11
1.327424244787394670e-11
1.323705443631822766e-11
1.317808035107206013e-11
1.304977417178197098e-11
1.301615395677187109e-11
1.287650971306631445e-11
1.269023510458872654e-11
1.267162193500423412e-11
1.262113365888864138e-11
1.254964895341275227e-11
1.232192527596089941e-11
1.214662015995922578e-11
1.210222876030665055e-11
1.202214677968672637e-11
1.194892412055895120e-11
1.184571043673619470e-11
1.176006045995191752e-11
1.164720427503205237e-11
1.151252654265720863e-11
1.141855322246032963e-11
1.133692326161297520e-11
1.124034497999601842e-11
1.111892008314055309e-11
1.108982357289940527e-11
1.094900837705379766e-11
1.090289617948612654e-11
1.081853498257222256e-11
1.067404564438297154e-11
1.064641727615168323e-11
1.061934646579441800e-11
1.048669706190564655e-11
1.046953752350423372e-11
1.036734488370182545e-11
1.029057354575445095e-11
1.019418610489454600e-11
1.016162482860904438e-11
1.006057529121910747e-11
9.965896222488917976e-12
9.838345058568034879e-12
9.739489886549239966e-12
9.649281683482598256e-12
9.571813622109011693e-12
9.453962709193072253e-12
9.417634310219088836e-12
9.279654817340350648e-12
9.160060320677705673e-12
9.026071869419169121e-12
8.957373810465288779e-12
8.893611253052280326e-12
8.793493761084800274e-12
8.729425560143046746e-12
8.723363729966628909e-12
8.614417278073854455e-12
8.548006175209615017e-12
8.481619370853136395e-12
8.420351939120034915e-12
8.308193327359849215e-12
8.278729051284030751e-12
8.184040098869535301e-12
8.129892976351903024e-12
7.989713494631068611e-12
7.965704297420881075e-12
7.888251489103503035e-12
7.859067795146085482e-12
7.760543577706307583e-12
7.656220011901615074e-12
7.572086107655055808e-12
7.498275241732776809e-12
7.481007310378960994e-12
7.438730791284059083e-12
7.335563652377731058e-12
7.258809271231737755e-12
7.145575136311299810e-12
7.119719293660382650e-12
7.044013863402756769e-12
7.009551741799632669e-12
6.966277987371194214e-12
6.911631406049433651e-12
6.848939547192474925e-12
6.846647527816860479e-12
6.751202484437249048e-12
6.677850468873703016e-12
6.627527007421770224e-12
6.617430977778368576e-12
6.568517192327840814e-12
6.520377515626384770e-12
6.495269810509782789e-12
6.467400944509009730e-12
6.377979009413333627e-12
6.309222065213204945e-12
6.295850957575576343e-12
6.252177653068213607e-12
6.173636360846285672e-12
6.057149498131960017e-12
6.044457065496384822e-12
6.009789621416690107e-12
5.959252165354465911e-12
5.847254575737160467e-12
5.816585899345847975e-12
5.799190744251260421e-12
5.761281361019886151e-12
5.657001615805725081e-12
5.613722795517687626e-12
5.546401575797767208e-12
5.505826959300000142e-12
5.482544224469284673e-12
5.409239759989909875e-12
5.387448754576583651e-12
5.355239578940008949e-12
5.278917084761138573e-12
5.246427277246604301e-12
5.221034293445635777e-12
5.133861257146409547e-12
5.082828186430158024e-12
5.070106774928935419e-12
5.004549238225649928e-12
4.974569384595369745e-12
4.937621974664450677e-12
4.913109495373838104e-12
4.880080085925564286e-12
4.814719916483068779e-12
4.792740793745687480e-12
4.763975565712848992e-12
4.699888725764277072e-12
4.680322772679392431e-12
4.656356380558797595e-12
4.607510339488511715e-12
4.570452790989132815e-12
4.539999498718293492e-12
4.496369745126648065e-12
4.392305814520203558e-12
4.358045657660733221e-12
4.347416129568750615e-12
4.319453009254902460e-12
4.290570114326180156e-12
4.243896976697798296e-12
4.213643845758700887e-12
4.170862884047031783e-12
4.139222726590878511e-12
4.084502758013196857e-12
4.064720544767356809e-12
4.033645024722531229e-12
4.009275629280198779e-12
3.962743882880122323e-12
3.950318232108018195e-12
3.905653557325064041e-12
3.855806915368490446e-12
3.848148954820845078e-12
3.831140394177009975e-12
3.807498953217183972e-12
3.776037042079731546e-12
3.753009799294521430e-12
3.693512240169591495e-12
3.685410168773975355e-12
3.646354863690468490e-12
3.633574673700780075e-12
3.575881284865937288e-12
3.546493678241499756e-12
3.497684432880136737e-12
3.466517624676577528e-12
3.419604237029983407e-12
3.415579560451536511e-12
3.400718466541152911e-12
3.360302098786651785e-12
3.325178833051615233e-12
3.315495380246100124e-12
3.270483693607712744e-12
3.248493655073726465e-12
3.239512960427802595e-12
3.202968553344495996e-12
3.177079563333933140e-12
3.158808697877420221e-12
3.112275309753458921e-12
3.078210458571107702e-12
3.067051934186239190e-12
3.020126006488765091e-12
2.999984759960908353e-12
2.981939493599181735e-12
2.971101654227036188e-12
2.943701211091429315e-12
2.925421232707653367e-12
2.913128310966750015e-12
2.851466535335190169e-12
2.841305786853268483e-12
2.805596139430067907e-12
2.777634134403093256e-12
2.770397177957073728e-12
2.755331272717197253e-12
2.737083904042521031e-12
2.683310498510730868e-12
2.680173240948825490e-12
2.652447315739929675e-12
2.646623273993659012e-12
2.595185488253217208e-12
2.592078438076856195e-12
2.566875861087169151e-12
2.556865823311654700e-12
2.529603861622320429e-12
2.517871660233645689e-12
2.492819286156882714e-12
2.456136500852836209e-12
2.424678271393778425e-12
2.412558511004042974e-12
2.401324688452651543e-12
2.368278225917809262e-12
2.341992936652458425e-12
2.320579334830188760e-12
2.314801188315560170e-12
2.282825363471522848e-12
2.272432654805472807e-12
2.260406657610063396e-12
2.244588040611233795e-12
2.224335694510296042e-12
2.192553603041459951e-12
2.180836305735801341e-12
2.154757286245099609e-12
2.147580583191243209e-12
2.122256167332939339e-12
2.101254717415362111e-12
2.073135472866815102e-12
2.068440860651112100e-12
2.051242373393086761e-12
2.038878739755954549e-12
2.002391910176753194e-12
1.996849717827741234e-12
1.980304125253080424e-12
1.968331531550893239e-12
1.954198934411477720e-12
1.941488359924882855e-12
1.911629865045963299e-12
1.891174026901797088e-12
1.883076142824467779e-12
1.870221946652594332e-12
1.844248577929783992e-12
1.824566186711260254e-12
1.805245123405036058e-12
1.793885988761297811e-12
1.778368055313349337e-12
1.752881942798738671e-12
1.749472059921666313e-12
1.732734086306550402e-12
1.726531033943688931e-12
1.705588816295755254e-12
1.700949637445541920e-12
1.688736968934974628e-12
1.677659889405668710e-12
1.648696264581631208e-12
1.648093282275991912e-12
1.624294936795107985e-12
1.613832379776093357e-12
1.596283120673216253e-12
1.574851311618806119e-12
1.569595460882031392e-12
1.545579793028550726e-12
1.535153044239113468e-12
1.520628909224827976e-12
1.512649536555866992e-12
1.502632703864022946e-12
1.484478753473200163e-12
1.456225411335956064e-12
1.451806381230804383e-12
1.427841308272081831e-12
1.424282267843186050e-12
1.420858020345730289e-12
1.405789205898717999e-12
1.393729752807294910e-12
1.385661449981961367e-12
1.365805112571355454e-12
1.355416529733861252e-12
1.338505705566997477e-12
1.326280515625682256e-12
1.316872546085214755e-12
1.305483767347245430e-12
1.297769182127672319e-12
1.294550265091627059e-12
1.289753951640740099e-12
1.270363914159633984e-12
1.259423850120905998e-12
1.248030525922325754e-12
1.243115043787756296e-12
1.237343557411866340e-12
1.218301759040647452e-12
1.211196383501618000e-12
1.197190049522996384e-12
1.195111935465148266e-12
1.188191352350098861e-12
1.174603957685856019e-12
1.157865744712986018e-12
1.148648677011719002e-12
1.136218155157650168e-12
1.131533227340523265e-12
1.121712165041971370e-12
1.114173770301637593e-12
1.109678601846628789e-12
1.092607945288865476e-12
1.088452453682516678e-12
1.080333241430940746e-12
1.071319340622591812e-12
1.066723304641967768e-12
1.063588345727071088e-12
1.057155292633430392e-12
1.043777326812744393e-12
1.033793530480840977e-12
1.029828787847538816e-12
1.019522571869869756e-12
1.005723946645006062e-12
1.003492785541764800e-12
9.936407477133904870e-13
9.786326786461850493e-13
9.691701652313238184e-13
9.620881250713196105e-13
9.433693848672122444e-13
9.404585768367828216e-13
9.343227000735586362e-13
9.279489380266905859e-13
9.229901058017686266e-13
9.179232839916795040e-13
8.995698059254104322e-13
8.899581053733785779e-13
8.811410771698715871e-13
8.759927037039856673e-13
8.668222496641588374e-13
8.625832145214287637e-13
8.511335816458845585e-13
8.441938843492989180e-13
8.409032952958146355e-13
8.268833599964947894e-13
8.226921017583182006e-13
8.174575498129627018e-13
8.112496395232252076e-13
8.063109284303346138e-13
7.948153461969039302e-13
7.925812853375346800e-13
7.854612862701057221e-13
7.781759379725873071e-13
7.745791579803006210e-13
7.655581462042534201e-13
7.573329324321885590e-13
7.477068032830579623e-13
7.440681032057392645e-13
7.426070711696511457e-13
7.341425265281577010e-13
7.258985752091506308e-13
7.168930746598160618e-13
7.132404133866440479e-13
7.122615056968343729e-13
7.081139879660915148e-13
6.919360982259588552e-13
6.883117773465104967e-13
6.828533291739706015e-13
6.765446013129987637e-13
6.729974918193720898e-13
6.725697924781507513e-13
6.673373945595110087e-13
6.553152584157920604e-13
6.503233815769467043e-13
6.456882848541606947e-13
6.407544520311691715e-13
6.322088480734036910e-13
6.306027824832904969e-13
6.256741228954715325e-13
6.189131269546979865e-13
6.132239395814499005e-13
6.077334142089046860e-13
6.010528463870259176e-13
5.965869369316503147e-13
5.921047386915756644e-13
5.835569193468563795e-13
5.805147657297273479e-13
5.731824469872277560e-13
5.679262845654664747e-13
5.664157156241119061e-13
5.599746714691148901e-13
5.572133343817701299e-13
5.548476483878073763e-13
5.492388730404117008e-13
5.479473862116210697e-13
5.468718320999052776e-13
5.366325012874394107e-13
5.297274814858719508e-13
5.271711776813924260e-13
5.214051563041495608e-13
5.196866146450865712e-13
5.170931607076344928e-13
5.134800563076282771e-13
5.112452855004855206e-13
5.055828126289501676e-13
5.009277520886651566e-13
4.907573314622281660e-13
4.871911335590029013e-13
4.792805518789499177e-13
4.790305566871490478e-13
4.770293350265271711e-13
4.735122019999869377e-13
4.706839255213158526e-13
4.678084727850348166e-13
4.646138197556640749e-13
4.608647441905285346e-13
4.567672613126952374e-13
4.537900462847208603e-13
4.482020916516397317e-13
4.430507706922793550e-13
4.388401122258587341e-13
4.346083837778818522e-13
4.317481023100077490e-13
4.302781484874238151e-13
4.224668677508397090e-13
4.200968107618459190e-13
4.168055032082303511e-13
4.107807414755411603e-13
4.085579015723913093e-13
4.018854975819106948e-13
3.998464044849791878e-13
3.994788578979968481e-13
3.967868644301838278e-13
3.911228002361590089e-13
3.888802290908084752e-13
3.866351618256359476e-13
3.831086247024398331e-13
3.816812990695677070e-13
3.777344235884208555e-13
3.756823650398849010e-13
3.752378627151090176e-13
3.713961582391398743e-13
3.677450069882220615e-13
3.635456419034772671e-13
3.597014991344968828e-13
3.572802593756860859e-13
3.544640059412707161e-13
3.509526311694550936e-13
3.481812923418953267e-13
3.435238689853100097e-13
3.425195946465780633e-13
3.400730691160063057e-13
3.337723439335499243e-13
3.328947699657987224e-13
3.285729139986036282e-13
3.264259323528279771e-13
3.243064393162367670e-13
3.236471200319224899e-13
3.200395779118583423e-13
3.151463100689445706e-13
3.123976532575716168e-13
3.106676563743003843e-13
3.087937127848262571e-13
3.048150635933091977e-13
3.038430220937790973e-13
3.034363046193131907e-13
2.995585425835058565e-13
2.933080007147651778e-13
2.924595528853385967e-13
2.888746699015773108e-13
2.882305942393482305e-13
2.830665132027475671e-13
2.826058335778511963e-13
2.807936054666090889e-13
2.772788908220253157e-13
2.737485938927820223e-13
2.704178107967900058e-13
2.682009796579594621e-13
2.646982764608700653e-13
2.608040983714538917e-13
2.584597949663978416e-13
2.568552714064888441e-13
2.553354619930010464e-13
2.525246103268999039e-13
2.517420937724366609e-13
2.514122636488965978e-13
2.481657838248597963e-13
2.442294390639494237e-13
2.433833773390858754e-13
2.428883975727295442e-13
2.397693391229368623e-13
2.387179394174513478e-13
2.363803743106104542e-13
2.337824133156791152e-13
2.312949280424490352e-13
2.295333784808032926e-13
2.284017546760595421e-13
2.281599790322358799e-13
2.252434257551531090e-13
2.232676774312324166e-13
2.225228260470965900e-13
2.196356775778057777e-13
2.181957425421857318e-13
2.170495877596761556e-13
2.163802751949606897e-13
2.146508154091476791e-13
2.123580556013800396e-13
2.090759922889532048e-13
2.076851169568916025e-13
2.070774811072489899e-13
2.038741397735679462e-13
2.024961870849716605e-13
2.020907446630091843e-13
1.979219956503827517e-13
1.970643599421913570e-13
1.935502988425655738e-13
1.920042264399940980e-13
1.907654295514711642e-13
1.899351781433629045e-13
1.888532081008106440e-13
1.877626749694323129e-13
1.860310383597916772e-13
1.845183733233635152e-13
1.831624393091286085e-13
1.808231900442315695e-13
1.792468985828913011e-13
1.779573420517750667e-13
1.775648583797067478e-13
1.764678779970218117e-13
1.757468132366931535e-13
1.750003198992758965e-13
1.731691858843579046e-13
1.712645169118669780e-13
1.691549333313100241e-13
1.680589296438291459e-13
1.659403238257877961e-13
1.656573004841672599e-13
1.655022953264232196e-13
1.634441934051506098e-13
1.605965360307650047e-13
1.586451566888969806e-13
1.582514521983267485e-13
1.579436978099309545e-13
1.569612172169243507e-13
1.557449865594881988e-13
1.528818105707693049e-13
1.527369500660959615e-13
1.499628904931110917e-13
1.488613269629338656e-13
1.478613713364497060e-13
1.462981121313316630e-13
1.453230010667813185e-13
1.445578304973221903e-13
1.415791423493114247e-13
1.410900946788036799e-13
1.400401877207730961e-13
1.382665149941213865e-13
1.370728050745107112e-13
1.354685239770413865e-13
1.342379264705339203e-13
1.327786655909193185e-13
1.305086501900139430e-13
1.303596932937756234e-13
1.290212950988434029e-13
1.273742896271179851e-13
1.265245823983628630e-13
1.263503315110172373e-13
1.249769464176713255e-13
1.242910468432693305e-13
1.229327483866815638e-13
1.224549498009111502e-13
1.212555889204984572e-13
1.198170648647728885e-13
1.192421665395847528e-13
1.191090073971633118e-13
1.166789037425068230e-13
1.158207783863505520e-13
1.151666839989625096e-13
1.147633021840094741e-13
1.124298036932374561e-13
1.115839159934328952e-13
1.094435252146446740e-13
1.092480958051122198e-13
1.084074599673666342e-13
1.081795471164109280e-13
1.071846181972951149e-13
1.060526921373618579e-13
1.044407343862250006e-13
1.040258326671715175e-13
1.024958443860453368e-13
1.024228227991251378e-13
1.023251457770246354e-13
1.010689460144124690e-13
